1
3
30
33
109
51
184
502
504
31
107
459
460
116
118
374
382
384
407
488
510
516
40
178
179
240
351
145
148
326
347
160
163
339
200
369
209
272
280
282
56
65
259
252
308
264
73
76
202
535
4
6
85
274
126
129
59
67
191
188
359
194
529
10
12
216
279
97
62
421
477
89
92
446
447
417
473
430
434
80
98
285
224
336
354
233
294
304
21
24
392
390
412
520
507
28
230
236
243
45
409
493
514
37
176
515
518
38
404
464
377
378
492
168
509
397
411
457
105
111
292
295
19
25
164
185
522
29
47
53
35
174
343
231
245
248
158
500
501
162
338
234
346
241
143
486
508
511
521
32
171
41
117
372
435
443
463
467
379
387
450
113
298
302
9
18
157
151
175
166
205
206
269
275
311
320
270
276
290
77
141
142
432
433
81
436
452
101
84
128
310
71
262
367
371
207
322
335
341
203
204
537
2
373
487
381
423
479
419
426
532
11
64
69
137
278
284
60
61
131
476
90
444
449
114
120
299
7
8
150
328
221
215
258
218
281
54
250
253
360
370
210
325
361
198
533
536
5
58
75
266
273
288
