1
2
16
123
115
128
161
15
206
199
211
238
200
207
261
254
22
28
214
241
198
204
224
218
227
220
48
54
67
165
3
12
9
202
256
275
10
26
24
212
266
25
27
132
130
83
178
185
189
126
136
167
18
32
216
270
21
31
23
62
68
197
203
257
276
274
8
11
53
66
64
201
232
239
243
209
263
20
92
97
93
184
82
89
109
102
114
139
142
194
100
106
277
13
87
259
278
14
121
134
79
99
190
193
192
196
113
117
119
152
150
37
74
78
250
47
57
70
60
159
164
7
50
63
71
168
19
45
229
46
145
155
166
160
6
17
43
36
34
40
38
104
111
112
122
135
127
133
187
80
86
258
252
272
280
4
35
219
273
5
49
55
154
33
39
141
140
144
175
146
156
148
