1
4
6
15
42
121
3
12
93
120
9
18
45
118
122
119
7
8
62
135
79
146
81
82
84
87
105
75
78
85
131
133
94
96
57
60
69
195
198
13
159
161
40
186
149
176
182
37
39
185
155
164
201
10
64
137
139
63
72
91
97
141
92
138
95
55
56
59
77
86
104
73
74
80
83
89
98
61
70
71
199
206
11
17
44
153
154
163
38
184
41
147
150
152
170
31
49
191
32
50
113
19
20
26
53
110
116
25
52
127
27
54
109
111
125
112
114
21
24
51
167
190
173
28
174
180
192
29
175
181
171
172
211
2
148
157
203
14
68
193
194
197
207
208
5
151
178
165
168
210
209
