1
2
8
69
80
215
217
221
23
124
138
371
27
41
93
82
86
88
90
270
287
292
294
366
343
349
365
37
89
224
3
12
116
132
110
127
129
362
354
356
29
173
218
31
290
271
273
345
351
373
379
13
56
103
237
47
55
307
301
303
375
383
4
21
43
184
228
20
22
123
121
136
369
358
26
81
216
226
42
297
282
284
311
314
64
199
201
207
15
118
140
142
150
153
154
171
177
222
36
9
114
144
377
10
53
145
378
381
11
54
102
71
75
210
223
7
274
346
352
17
165
161
192
163
208
45
139
149
382
59
106
65
77
212
240
62
198
242
200
204
234
206
236
50
143
376
51
190
155
187
196
157
174
219
18
281
285
357
24
170
172
176
178
180
109
111
141
374
384
5
67
202
