1
2
19
65
233
183
447
184
5
76
240
246
49
351
50
58
63
11
17
199
231
175
441
176
312
195
286
289
212
301
135
411
136
151
294
206
296
299
150
169
436
27
154
159
35
41
216
261
7
78
372
377
388
389
320
322
339
344
106
262
3
12
140
142
416
37
343
431
408
410
427
419
434
29
207
213
39
132
155
157
147
149
421
448
4
21
45
219
265
20
22
68
66
127
71
367
72
368
383
387
102
96
109
264
257
18
88
378
89
250
277
69
366
406
73
114
119
271
244
273
54
225
235
279
238
242
253
255
259
23
93
112
266
25
335
423
26
205
28
44
347
349
98
256
100
386
331
379
381
363
365
75
239
269
274
51
53
117
397
83
245
85
376
352
358
360
438
444
13
196
287
315
172
180
177
187
188
237
74
97
384
103
260
105
9
324
356
442
10
80
120
124
402
81
87
104
107
319
323
8
24
70
236
186
318
189
223
228
314
197
214
130
145
418
146
166
305
208
