1
4
227
244
238
23
32
83
78
236
258
284
97
66
94
197
54
133
222
174
200
56
98
61
137
138
176
142
170
220
207
145
206
147
183
45
166
218
129
306
292
13
233
250
279
226
264
281
268
278
230
247
301
37
161
39
87
9
36
27
241
262
62
90
280
256
234
293
11
107
124
38
86
192
7
34
246
35
160
25
154
175
224
139
156
151
185
199
179
190
19
74
270
75
26
240
296
115
29
20
55
173
59
261
60
63
91
52
17
69
181
149
51
130
109
126
304
290
308
10
231
267
277
251
44
229
8
143
171
221
136
311
2
101
118
212
209
223
141
158
153
111
22
152
24
113
135
58
140
168
50
255
283
71
269
72
89
225
242
298
294
112
134
5
49
14
41
164
100
201
211
157
33
84
276
88
193
3
64
92
70
18
53
257
235
68
180
148
165
217
162
216
103
120
300
121
214
114
210
116
297
28
155
187
159
213
122
105
132
110
144
205
108
15
146
182
73
47
12
232
249
303
40
163
42
102
6
228
245
239
31
82
275
272
286
259
285
65
178
189
186
21
76
271
237
295
310
