1
19
46
251
256
359
238
244
353
173
174
194
504
505
29
177
508
180
32
50
411
389
410
413
414
110
116
129
392
455
471
394
457
436
82
88
97
143
319
287
289
99
451
423
430
91
139
141
142
418
474
481
94
96
449
121
123
376
397
405
516
40
42
407
488
496
498
522
528
13
385
427
521
523
199
14
162
41
122
374
416
417
59
262
364
228
270
195
198
200
207
227
269
368
197
362
365
210
371
219
233
342
358
169
341
175
506
28
395
458
462
463
119
125
379
491
512
513
38
44
246
307
7
222
243
36
402
409
493
514
37
43
189
354
245
247
45
9
18
226
229
271
290
320
57
260
263
316
75
78
212
530
4
85
440
452
470
461
112
114
24
51
48
21
102
105
454
391
412
415
109
115
117
304
300
309
232
253
54
27
108
81
215
216
279
311
313
138
63
72
268
224
333
336
355
151
327
348
184
157
166
335
338
248
250
308
3
218
281
90
444
464
118
465
469
381
388
500
526
10
64
70
266
367
366
201
202
17
165
159
495
527
383
425
65
71
98
92
446
95
291
55
56
131
473
134
86
104
453
431
432
77
276
283
315
73
76
146
484
485
83
89
286
318
79
277
324
280
294
299
301
305
25
26
236
345
213
214
217
259
265
267
225
334
337
249
149
325
326
347
357
241
255
167
190
192
519
501
502
171
5
23
390
393
456
434
435
531
2
375
487
153
329
343
208
369
370
220
234
297
303
