1
28
46
52
210
211
601
622
29
188
205
413
184
185
397
235
236
239
291
418
421
229
232
434
231
234
241
243
252
386
214
419
428
220
228
247
253
387
389
273
279
281
168
177
203
586
612
37
43
124
553
444
522
548
118
549
551
121
552
438
441
449
475
580
589
615
40
474
616
41
277
160
161
373
391
394
268
402
178
179
182
208
595
596
619
32
50
483
113
544
453
479
482
621
597
600
31
33
192
200
276
410
162
165
183
209
267
401
415
180
392
414
186
237
238
256
282
412
416
265
283
289
343
346
19
21
258
336
339
75
310
313
319
321
358
328
365
57
292
301
364
63
72
307
325
331
333
348
350
9
90
99
530
496
567
91
523
524
569
494
495
566
511
577
83
136
153
574
86
518
535
505
506
509
629
632
631
4
58
293
420
422
250
384
429
251
385
212
215
224
225
625
628
10
64
67
500
626
623
624
630
5
23
77
233
242
294
312
320
357
73
76
155
576
507
510
85
87
96
148
490
561
570
94
526
571
95
122
436
578
587
590
173
14
68
303
329
55
56
489
498
503
92
98
150
326
332
61
62
80
159
317
335
368
79
158
371
81
513
82
514
540
543
557
455
481
556
112
130
132
345
351
3
30
36
272
54
27
108
539
109
111
129
344
342
347
352
349
7
8
17
71
306
218
423
424
248
254
388
274
408
166
193
610
617
38
472
614
584
592
593
627
633
2
20
101
107
134
459
537
538
110
541
547
119
550
442
468
546
558
461
487
603
