1
157
158
209
212
611
615
616
4
6
33
188
597
40
195
196
568
594
603
574
600
37
43
197
198
572
580
581
38
193
602
41
119
426
477
486
487
557
93
324
54
55
478
495
562
84
102
524
494
497
564
496
563
83
85
137
349
323
356
56
134
549
552
92
94
516
479
482
490
612
614
10
12
18
251
302
320
353
355
62
70
148
485
555
89
95
517
518
116
122
432
433
484
554
90
96
147
483
491
492
613
617
2
20
175
201
607
589
610
29
453
456
596
583
606
609
32
187
204
264
282
174
200
206
207
261
279
403
180
386
387
231
232
235
364
408
417
214
222
420
244
373
378
270
398
163
189
191
199
269
271
399
165
173
379
216
415
243
295
416
419
210
409
418
246
375
376
272
400
159
162
179
205
585
608
31
49
127
545
445
522
525
109
531
533
118
120
428
437
442
519
115
121
123
434
460
536
451
502
80
86
317
318
336
77
309
362
312
330
359
315
348
71
149
151
154
314
316
334
73
76
308
227
423
237
255
257
385
263
281
283
176
382
404
182
591
28
452
469
470
543
110
128
443
444
450
527
500
501
81
504
529
535
449
526
546
107
125
131
338
340
19
22
24
51
129
339
343
3
21
254
331
337
341
342
7
240
292
300
301
321
327
60
138
350
352
79
233
234
252
253
256
307
225
226
229
238
367
411
247
273
