1
7
8
77
93
439
95
441
445
379
399
400
487
504
29
46
173
503
32
41
232
133
149
483
486
23
216
200
244
300
62
188
515
516
5
53
118
74
90
98
106
358
374
397
385
493
500
470
472
480
40
393
394
105
449
360
384
442
436
376
378
386
97
99
91
130
415
417
517
4
136
179
347
352
178
185
351
207
250
251
270
305
51
59
123
304
57
408
420
70
72
261
269
18
373
365
389
381
489
28
94
96
88
128
465
73
89
277
309
263
278
285
19
45
110
293
276
21
24
33
42
233
291
3
6
54
405
458
81
431
462
403
410
412
507
509
13
144
186
514
14
208
271
49
240
248
246
302
310
260
266
280
67
68
419
519
2
50
402
367
391
396
103
447
363
426
433
459
406
407
372
11
142
477
498
473
474
495
38
166
337
138
146
323
349
181
182
147
205
211
247
258
193
357
197
203
317
335
154
155
329
221
237
239
282
287
25
218
279
295
27
69
195
196
220
222
214
254
308
262
264
301
64
66
256
190
355
199
215
327
333
223
225
217
151
153
161
31
160
168
169
231
339
135
159
492
499
475
496
37
39
230
290
9
36
164
140
148
482
511
10
16
84
120
131
132
418
467
71
115
455
429
79
85
121
55
56
17
44
171
229
235
289
