1
403
406
538
547
1426
1429
158
164
44
1060
250
1237
1290
331
1022
1023
1071
1140
137
530
1416
1418
1379
1383
65
1079
1031
1162
1167
1036
1084
1108
92
1103
1396
1377
1381
1382
1378
1417
1419
1388
82
664
670
716
141
343
853
825
827
839
842
826
889
207
210
401
1206
1341
217
269
338
287
400
1342
218
236
314
288
1086
1089
77
660
778
786
798
843
73
76
208
1207
209
5
152
539
1421
1427
161
735
604
652
464
467
578
579
14
68
279
227
362
253
806
148
150
177
749
626
629
701
405
431
911
964
509
512
1408
1411
118
1126
1129
1412
1344
1345
407
485
1390
1393
1404
110
116
514
525
689
695
968
426
452
926
927
558
999
1011
617
633
922
1009
620
636
925
692
966
420
423
501
1400
1401
502
476
86
668
714
526
977
928
933
1012
1013
898
990
732
738
607
601
649
655
679
673
951
929
934
469
461
932
937
1016
581
582
418
470
496
462
533
532
981
534
463
471
583
1448
10
12
602
18
1037
1168
1061
1133
1349
1425
1430
37
438
516
969
892
945
483
486
494
492
952
930
935
1014
577
586
588
595
667
683
958
975
422
425
451
557
554
996
560
591
592
598
729
753
183
1184
375
1324
1231
1241
1284
1285
319
328
334
1027
1028
1044
1116
1092
285
293
1266
1295
336
342
291
299
317
311
1280
1261
1091
1209
1210
215
350
1306
1320
368
374
872
875
205
398
1340
1213
1227
233
239
795
840
824
79
211
780
888
782
784
222
231
790
793
822
836
858
57
66
650
653
721
457
466
468
460
531
528
979
940
474
477
1386
1450
4
151
1156
1180
1437
1438
565
1005
552
555
572
1443
1431
1432
556
32
433
1362
1365
1441
38
439
444
625
631
703
409
417
549
443
920
972
411
419
497
1399
1380
1384
91
93
674
99
147
1152
301
307
348
857
833
835
309
63
274
813
816
856
75
78
661
779
785
787
832
102
105
24
51
171
744
168
369
242
377
380
372
245
243
378
1327
1234
1244
1287
321
323
237
315
1112
1281
1286
1228
1243
261
263
1064
1040
1042
1066
1173
1171
1321
1233
1326
1238
252
1239
1292
1024
1026
1157
1165
1058
1130
1346
1422
1428
1369
40
42
123
408
416
414
899
991
546
548
442
627
919
440
537
540
566
563
1003
918
984
543
569
445
624
696
702
126
9
90
300
829
841
108
1117
1045
1069
258
264
324
326
27
54
454
428
1360
1405
109
127
1134
1136
130
113
511
1407
1410
1358
1359
1375
1434
1435
29
47
1063
50
450
1372
1355
1356
424
906
998
584
587
1020
596
644
455
458
529
980
931
936
1015
575
576
413
465
491
456
527
978
939
478
942
1021
593
609
681
657
663
781
783
812
818
789
866
804
849
7
154
355
859
861
357
383
876
878
801
809
48
634
741
873
799
807
808
800
877
879
166
1169
1174
1188
1189
241
1232
1242
259
265
247
382
376
1325
379
244
262
322
847
19
1038
1041
23
612
684
959
472
473
585
1018
589
590
1451
2
83
89
107
80
212
221
273
267
1247
1330
385
391
881
884
792
869
190
196
1195
1202
1339
224
230
365
359
1313
1220
1254
276
282
308
302
1273
305
837
55
61
646
654
773
886
788
817
819
283
198
392
882
885
791
868
870
192
200
394
396
1192
1194
1201
226
278
1256
1257
304
306
347
1072
1080
1148
1302
1077
1085
1259
1197
1203
223
229
364
865
867
366
257
156
1160
1311
1318
249
1236
1289
1293
1029
1218
1271
1278
327
329
1291
330
332
850
3
594
618
36
248
240
246
381
1328
1235
1245
1288
318
320
234
312
286
289
1088
1262
1093
1211
214
232
238
794
796
21
610
682
685
613
637
448
923
904
957
500
503
1402
1357
1373
1376
1436
28
31
178
564
441
1367
1368
1420
1423
1440
1370
1413
119
1127
1132
1347
1348
11
17
71
98
125
520
697
970
700
