1
2
8
207
300
304
227
231
276
7
341
375
61
130
287
77
386
78
81
87
111
53
353
370
458
29
105
270
280
25
52
236
323
221
225
316
162
444
163
310
200
336
203
296
302
331
189
463
467
11
151
154
38
175
318
147
434
148
190
329
209
244
247
260
264
60
68
380
69
90
133
289
262
54
123
282
284
294
73
139
428
83
255
271
109
407
350
367
415
354
387
80
253
269
106
405
409
113
275
278
9
18
97
62
70
191
464
10
208
226
39
176
42
143
431
460
462
13
345
396
425
372
378
424
92
135
290
56
185
194
67
210
15
346
397
116
277
3
82
88
393
399
376
422
89
259
91
395
411
342
348
365
435
439
37
43
177
319
149
173
164
201
202
204
6
85
103
403
107
122
281
21
24
352
369
441
456
445
28
46
366
455
457
32
50
108
272
19
349
20
157
179
321
223
314
156
178
181
322
158
161
443
31
168
313
170
449
40
363
412
338
340
374
420
383
385
469
4
22
351
23
217
308
196
199
470
5
58
75
251
256
268
71
382
427
138
84
127
93
117
337
371
55
72
197
334
205
298
327
211
229
141
430
459
465
379
14
41
