1
226
234
360
366
403
235
241
287
304
344
61
278
341
347
63
141
527
91
93
305
99
9
18
424
447
118
120
512
416
485
493
463
471
583
10
64
65
281
400
208
209
217
581
582
11
164
544
585
14
167
364
262
154
157
205
579
206
5
158
356
395
238
284
202
391
393
401
237
363
365
204
207
215
578
580
13
166
192
193
261
263
329
3
228
252
255
269
174
370
373
220
406
229
231
277
340
75
78
474
590
4
6
15
239
285
306
346
57
60
69
146
458
460
468
94
489
490
121
513
411
480
504
506
427
496
498
112
129
130
322
324
21
244
313
332
27
108
501
109
319
325
117
509
432
455
558
28
433
559
560
565
556
557
29
47
449
572
32
185
41
122
409
412
413
421
547
40
444
445
537
561
563
553
555
31
436
451
518
113
323
19
22
49
198
199
253
379
389
254
268
172
551
552
176
372
218
221
407
230
246
292
299
315
73
149
348
351
81
477
82
100
106
152
153
296
302
318
79
80
294
223
408
227
353
377
387
178
374
375
251
257
271
320
326
25
26
53
454
110
503
516
430
499
500
475
476
591
2
410
426
23
77
473
472
533
534
83
479
495
104
86
137
339
307
55
456
457
465
529
461
462
470
92
487
492
119
125
414
438
446
570
542
566
37
441
567
442
38
44
259
328
7
34
256
36
45
260
258
384
385
156
354
378
189
162
171
210
225
