1
7
8
233
242
371
260
266
160
161
552
560
38
448
453
118
519
420
421
469
477
92
141
536
468
533
534
483
544
83
101
148
541
86
490
95
311
55
56
463
466
59
77
23
176
359
230
278
302
326
19
20
47
53
132
323
329
25
52
131
337
27
54
180
225
226
232
304
320
321
79
296
413
227
275
281
297
299
305
344
308
346
61
62
71
216
236
284
290
207
401
408
209
403
235
364
365
405
239
368
263
154
545
561
564
158
5
418
549
442
32
50
129
430
502
523
524
113
514
121
414
423
447
449
520
422
494
509
109
111
9
18
45
36
258
234
306
90
99
72
63
282
81
485
82
486
528
540
543
480
482
85
136
143
538
464
467
590
600
4
58
60
69
288
310
312
57
135
149
151
301
341
342
75
78
295
220
411
229
246
375
394
174
374
376
253
270
336
21
102
504
506
112
128
526
432
434
458
563
583
31
33
255
271
325
327
332
3
228
357
360
400
238
367
407
204
212
214
588
596
13
67
474
475
94
96
499
120
521
416
419
443
451
547
556
578
40
42
192
262
264
156
183
381
363
162
171
217
593
10
163
554
594
597
14
68
287
202
203
587
595
591
592
11
17
44
194
551
574
580
553
568
28
34
35
187
575
566
567
29
182
196
201
251
257
273
178
179
378
223
224
601
2
415
431
436
460
110
116
517
435
459
527
437
461
