1
2
415
545
561
174
32
50
110
325
19
98
101
504
542
84
102
317
71
477
478
75
5
23
246
293
301
341
309
54
57
205
589
206
400
238
262
153
156
165
214
597
14
41
119
414
485
493
494
499
116
122
419
420
491
532
90
96
145
466
531
543
81
99
147
351
77
78
296
298
304
344
306
312
60
68
287
349
62
138
533
89
305
311
97
9
88
114
515
115
121
520
421
492
500
468
476
593
10
162
188
190
388
261
389
155
158
184
572
562
564
31
182
198
199
253
255
383
172
175
375
220
411
229
358
366
367
204
213
406
237
239
286
308
348
56
59
207
215
588
596
13
15
166
192
546
570
578
40
42
450
118
519
416
418
442
458
109
126
127
432
434
505
479
541
83
133
149
353
73
76
222
600
4
22
24
103
150
300
316
318
324
326
21
244
268
393
178
225
226
242
313
319
320
322
328
25
52
128
336
27
79
484
80
130
139
141
143
463
471
473
92
94
310
331
3
30
39
260
329
330
7
232
248
272
273
176
200
395
251
267
392
254
382
170
173
221
412
230
359
374
218
219
410
223
224
227
356
362
403
235
364
405
208
209
217
591
592
11
17
428
452
549
557
558
38
44
194
259
265
159
361
384
187
161
169
559
37
43
264
45
453
551
575
567
28
179
180
186
201
565
585
29
35
53
460
107
509
514
435
436
507
482
483
601
