1
2
55
123
276
284
77
372
78
81
99
120
53
341
427
161
301
196
324
199
205
209
258
60
128
405
129
90
96
61
69
366
361
444
187
11
17
152
295
223
309
145
417
146
291
307
160
179
313
217
229
312
219
305
154
296
298
159
33
51
230
218
304
168
156
424
426
31
166
431
167
32
50
108
266
19
337
20
211
243
245
250
278
71
368
370
75
5
58
184
14
41
225
139
180
189
319
240
67
206
15
334
383
116
271
3
6
24
103
389
369
371
83
101
388
102
84
126
93
117
325
413
140
149
190
320
186
318
188
197
198
286
302
165
174
435
40
224
42
141
150
191
447
13
66
134
409
358
360
404
92
255
282
56
65
364
408
362
406
373
80
98
259
261
285
73
76
194
449
4
327
339
23
158
299
192
448
193
322
201
289
317
207
256
54
357
363
64
239
68
241
237
279
130
62
70
367
89
95
118
272
9
36
112
394
342
428
28
46
228
273
121
400
107
265
109
21
338
340
49
355
345
350
397
326
375
381
385
113
269
115
396
330
347
352
418
433
37
222
39
45
147
153
422
445
10
16
335
351
436
38
44
227
270
7
34
110
393
356
439
29
105
111
268
25
214
232
27
162
