1
3
82
100
126
339
337
342
347
9
36
45
123
438
515
540
115
117
543
118
120
432
435
443
469
572
575
601
40
42
196
272
404
159
168
194
403
165
173
199
578
586
37
43
197
405
270
276
163
189
602
603
38
193
198
576
584
585
619
625
2
158
164
190
207
593
594
29
47
53
131
338
344
7
34
462
463
471
116
542
436
513
514
558
90
96
147
487
495
564
489
497
89
95
146
148
320
326
328
62
294
302
216
224
243
376
381
424
244
296
301
214
215
418
231
232
235
241
374
399
180
181
391
261
279
407
264
396
174
384
425
426
238
290
415
225
226
229
621
624
623
4
433
450
476
478
589
612
31
186
395
397
176
179
205
263
265
283
340
341
19
98
149
362
364
79
233
234
252
329
335
27
182
595
28
46
473
474
477
587
610
613
32
187
600
41
119
430
456
459
461
537
449
452
529
109
535
549
110
128
447
448
454
480
107
113
539
453
479
550
455
506
80
132
133
142
561
93
324
54
208
217
219
422
246
379
423
210
413
416
227
230
237
239
291
353
73
151
154
314
351
365
315
333
71
72
304
363
77
155
366
312
349
355
321
327
60
61
139
156
504
505
81
508
552
566
84
511
528
498
501
568
500
503
83
510
519
520
483
553
562
92
94
145
323
360
56
59
67
494
617
620
10
13
66
220
618
615
616
622
5
161
212
14
247
273
157
183
392
398
400
269
275
277
343
345
346
