1
3
72
78
18
242
275
76
16
158
191
207
181
227
140
59
105
57
262
309
10
12
117
297
130
304
253
40
174
42
111
126
219
220
169
22
118
215
162
160
195
208
186
230
149
210
216
163
161
196
165
218
167
173
224
112
113
139
138
146
313
2
110
136
53
259
264
306
308
263
310
115
296
239
14
157
60
135
226
180
206
184
185
229
143
65
5
151
52
101
287
102
63
107
74
20
83
97
82
106
108
291
73
272
243
278
247
256
280
284
279
96
204
178
197
198
200
19
62
67
68
71
188
153
171
222
121
300
301
28
45
177
225
168
33
31
250
281
255
305
249
302
124
125
32
89
46
48
25
164
217
166
172
223
132
114
123
30
87
84
21
120
24
246
299
133
134
298
245
23
119
144
311
267
265
290
268
269
70
270
271
236
34
251
254
252
282
91
43
37
39
93
201
176
9
36
27
248
47
85
86
92
202
7
8
26
122
29
35
44
235
294
237
241
274
276
283
232
293
295
238
240
277
258
307
260
13
15
61
137
145
66
150
189
190
194
49
98
55
261
56
17
159
192
104
289
257
285
99
77
80
50
11
116
214
141
228
142
213
154
156
193
81
51
54
103
64
69
147
148
187
152
170
221
129
127
303
128
38
131
41
175
109
209
211
212
155
58
182
183
179
205
100
286
288
79
94
95
231
292
233
234
273
244
266
312
4
6
75
90
88
199
203
