1
234
371
373
399
401
272
274
160
169
219
221
619
628
13
170
196
610
575
584
609
40
42
473
121
548
436
512
529
552
112
114
123
347
3
12
15
447
523
487
490
498
94
96
147
322
324
57
287
355
368
313
331
333
75
152
570
85
103
105
532
503
506
632
4
22
255
257
282
339
341
21
254
330
350
27
54
184
598
28
460
466
482
554
459
535
109
115
542
543
457
533
534
110
116
134
337
343
25
26
458
483
596
597
29
47
128
551
113
540
451
527
550
553
453
479
481
592
595
31
33
51
205
263
400
413
178
391
394
227
431
237
288
290
420
246
383
427
210
417
426
216
423
243
245
382
388
269
275
409
166
192
200
581
589
37
469
545
547
442
450
526
118
124
126
345
346
7
88
97
99
72
224
625
10
16
249
300
428
244
295
301
214
222
223
623
624
11
168
194
199
579
604
611
38
44
475
119
546
440
441
517
562
92
144
149
320
362
61
62
142
157
311
329
367
79
80
309
231
433
235
241
250
387
270
276
164
377
402
403
182
206
414
261
279
411
264
273
158
161
179
180
594
631
633
2
5
162
375
393
225
429
430
238
289
419
247
384
208
211
620
621
14
68
298
323
55
485
486
556
559
95
122
434
437
463
480
615
32
50
131
340
19
252
302
305
369
314
332
73
74
502
505
86
514
531
501
568
569
507
572
83
89
98
525
491
561
567
493
509
82
310
319
361
365
63
293
81
233
