1
3
72
94
36
154
132
139
170
179
180
214
294
296
299
165
172
422
13
60
343
423
14
82
236
49
335
415
164
134
156
38
44
101
104
304
306
318
324
406
411
388
394
396
40
206
42
331
103
371
305
323
366
362
317
319
325
31
150
158
289
127
135
157
410
392
398
37
204
39
329
370
309
327
408
403
28
92
100
105
253
9
18
315
340
420
10
186
220
59
118
381
81
119
263
51
111
376
378
346
384
350
70
109
375
380
379
116
339
349
427
2
20
193
278
292
144
402
145
29
35
203
213
245
255
25
320
364
374
93
99
249
251
7
308
8
26
197
281
199
283
286
205
288
130
391
131
272
168
419
169
11
17
56
68
226
178
303
181
269
295
274
187
191
219
55
218
225
267
228
239
243
67
124
386
71
110
121
265
230
241
247
19
316
345
347
426
5
23
89
74
113
260
62
174
424
175
301
183
217
189
207
125
147
282
291
284
151
200
33
24
142
400
425
4
182
6
75
354
95
246
97
21
87
122
64
66
348
73
229
235
83
359
336
342
344
416
418
