1
3
30
145
383
31
309
384
391
157
378
380
141
271
193
205
137
156
146
274
281
139
379
402
4
176
6
15
61
329
394
400
13
133
374
389
367
369
375
40
154
279
124
132
168
161
163
171
173
174
192
198
202
280
199
278
127
370
385
390
38
44
203
244
7
178
184
212
252
253
115
227
229
83
344
321
327
78
341
360
359
365
71
77
113
324
334
68
220
172
403
2
20
85
232
256
224
251
62
330
63
217
169
401
170
5
23
138
269
189
177
211
162
395
393
399
131
14
183
201
122
366
123
260
159
160
53
110
74
88
234
240
19
186
188
268
270
282
142
381
28
143
151
277
153
388
371
386
37
43
317
352
99
243
101
9
18
80
342
300
294
312
97
351
349
354
346
104
246
237
241
36
150
129
136
377
398
10
180
264
267
285
164
397
165
11
17
56
213
185
181
265
167
286
283
284
287
288
175
179
197
276
140
158
392
29
46
105
92
98
100
103
289
293
311
319
48
207
238
247
25
305
26
191
236
67
121
258
222
226
55
112
114
116
254
51
108
356
358
81
343
361
82
230
49
52
109
357
364
331
363
73
223
75
339
302
304
310
94
239
96
21
24
33
147
194
200
42
316
102
353
290
337
91
93
86
27
306
335
70
106
117
120
257
64
119
69
