1
10
16
148
395
311
11
143
392
308
342
68
95
121
301
335
408
412
170
409
173
14
146
278
211
133
160
285
288
162
165
42
138
135
270
287
168
407
37
324
327
377
303
320
404
326
387
393
145
394
310
344
343
67
94
244
93
57
63
177
18
190
207
212
45
141
150
274
279
195
229
246
261
9
90
357
368
109
369
372
315
332
50
329
396
397
319
403
161
167
158
8
62
176
17
149
275
191
194
228
169
172
411
410
309
13
40
210
39
209
186
237
84
87
354
381
384
91
358
375
376
305
389
406
328
38
44
208
259
7
88
356
373
110
20
101
104
363
366
349
416
5
137
272
289
151
154
399
155
32
205
46
49
216
199
250
233
75
179
181
415
4
58
338
382
361
360
337
340
64
70
97
362
378
306
390
142
391
307
341
345
65
71
225
242
245
55
61
339
383
350
74
83
125
131
80
89
236
239
256
19
22
103
76
180
299
188
222
266
73
230
232
298
187
221
265
126
129
96
60
69
174
15
147
277
144
276
293
171
12
192
193
227
66
72
224
226
243
220
264
132
99
241
258
260
3
30
203
36
323
374
118
120
6
33
114
24
105
102
249
198
21
48
51
331
314
365
348
351
82
124
262
267
263
231
79
234
300
185
219
292
295
178
182
417
2
56
336
59
128
77
86
113
23
312
346
414
302
386
134
140
269
286
281
202
253
197
25
106
251
248
100
247
196
213
280
283
153
156
398
401
28
31
204
255
111
254
117
27
54
159
183
184
189
240
257
200
217
214
52
157
400
152
29
35
53
116
26
107
367
316
333
47
330
370
313
364
347
353
380
359
92
119
123
