1
242
387
414
417
419
182
185
410
235
449
245
263
317
385
75
78
319
325
371
373
334
380
57
298
307
310
217
226
229
645
654
651
10
461
467
612
637
605
614
37
198
203
205
278
284
427
170
197
214
269
275
293
295
349
351
357
27
268
348
81
531
82
88
142
374
376
331
337
381
332
338
61
62
71
521
649
656
11
462
468
494
603
630
642
623
28
30
111
129
575
478
504
109
115
565
567
118
124
572
460
540
549
513
586
91
93
333
379
63
72
313
223
232
251
305
442
444
254
256
401
281
426
164
173
200
202
599
602
629
40
491
492
121
571
454
457
510
519
94
544
590
95
149
335
55
56
59
68
228
255
400
215
433
436
450
246
391
418
180
181
406
409
273
291
353
19
100
550
573
577
110
128
131
470
471
474
500
113
563
122
452
453
456
536
545
505
514
587
591
92
542
548
511
584
585
529
530
83
101
551
554
523
524
527
86
104
158
326
372
73
154
155
161
323
341
347
79
80
321
239
451
243
249
276
421
186
212
432
270
288
294
350
356
25
26
53
134
476
477
503
621
622
29
47
207
639
32
50
210
615
616
619
657
660
659
4
6
15
96
336
361
3
12
253
280
360
9
18
45
126
358
362
359
7
8
35
116
566
119
125
458
459
604
613
38
44
204
279
285
168
169
178
231
252
258
312
221
222
240
661
2
20
23
77
318
233
234
658
5
166
175
610
41
282
162
171
172
607
653
14
465
518
643
646
648
13
67
69
150
507
580
583
525
594
85
87
537
555
112
130
576
472
475
501
617
620
31
33
51
211
272
290
292
352
366
21
262
407
430
188
413
241
