1
3
72
96
88
128
459
73
418
451
460
74
118
82
271
49
114
115
449
423
79
85
121
132
412
461
71
416
435
439
373
393
394
95
111
113
281
290
25
218
322
323
221
325
336
154
174
175
480
496
29
158
484
488
38
385
491
467
475
494
469
489
37
39
386
442
359
367
402
502
10
78
422
425
426
397
404
455
81
83
125
270
272
51
242
245
296
64
254
302
262
294
303
263
277
62
407
408
505
507
2
50
396
361
471
503
497
499
53
244
200
216
224
283
19
86
92
112
27
375
414
70
76
84
120
131
304
260
292
301
67
68
258
193
351
197
306
339
313
205
211
247
55
56
17
44
390
103
441
357
420
427
453
400
401
366
11
142
166
331
138
146
317
343
181
182
147
171
229
235
287
7
202
210
246
297
298
267
269
18
148
140
164
156
482
28
376
391
379
486
495
477
478
23
5
32
98
106
352
368
371
431
437
97
99
91
130
409
411
506
4
136
152
160
168
493
464
472
474
40
387
388
105
443
354
378
436
430
370
372
380
31
33
24
66
256
190
192
199
215
321
327
223
225
217
21
214
275
289
280
284
36
9
57
69
195
196
204
312
314
316
178
180
187
498
500
13
60
186
14
41
232
133
157
324
326
320
151
153
161
169
231
333
135
307
340
342
207
315
346
208
