1
3
30
39
45
359
429
445
37
222
311
313
147
153
433
457
10
204
255
91
389
405
336
342
393
112
270
114
9
88
111
27
162
439
28
349
360
408
364
53
347
26
161
304
196
463
2
55
58
75
247
252
279
71
376
378
462
5
143
158
302
192
460
193
328
201
236
321
207
258
54
181
453
455
373
14
41
225
139
142
426
436
451
32
50
108
268
19
210
244
286
248
330
199
234
238
281
77
380
78
81
87
254
215
25
52
232
317
217
306
310
160
180
452
29
164
177
315
219
308
154
157
179
316
156
159
437
461
4
200
235
320
241
67
206
257
94
391
115
406
332
383
399
409
107
267
109
401
344
361
363
435
450
31
218
307
168
443
40
224
42
141
150
15
340
13
66
133
284
56
59
368
414
92
390
419
366
412
418
370
416
89
95
259
97
62
70
188
197
198
216
228
274
275
21
24
103
397
377
422
83
101
138
288
73
137
79
381
80
98
394
396
423
84
125
93
116
331
337
341
374
420
90
96
113
271
7
335
8
17
69
243
256
260
60
68
191
459
11
64
190
325
186
456
187
323
205
296
298
223
312
145
428
146
152
38
44
227
