1
7
88
115
116
519
437
461
529
439
463
109
111
119
522
424
496
472
487
82
84
87
137
144
310
312
57
60
69
214
238
240
288
204
212
408
209
405
235
307
347
351
63
72
217
595
10
91
497
499
501
120
523
418
490
532
539
94
143
540
466
475
598
13
15
168
371
262
391
156
183
185
575
40
191
192
549
558
560
590
592
603
4
157
360
401
402
220
413
229
246
247
378
253
384
396
174
177
199
565
585
31
443
459
460
112
114
130
434
506
508
482
544
85
136
343
355
75
149
354
301
318
338
21
24
105
319
325
327
333
3
30
39
261
332
9
36
258
234
306
90
99
18
45
171
162
365
180
570
28
34
52
131
132
323
336
25
248
320
339
27
108
81
225
226
232
233
249
297
299
341
353
79
296
415
227
358
364
387
260
266
160
169
561
562
593
600
11
164
189
579
553
576
577
38
44
455
118
124
422
430
478
541
92
141
538
470
535
536
485
546
83
489
531
543
86
104
302
311
55
73
76
221
604
5
158
551
167
14
68
95
121
416
417
423
438
462
568
587
29
47
196
584
32
444
516
432
433
505
510
110
126
526
113
129
326
19
22
175
377
414
230
278
287
202
588
591
420
468
59
77
23
176
361
254
263
154
172
173
179
201
251
268
394
178
379
380
223
224
605
2
56
134
139
146
308
348
61
62
71
290
207
403
404
236
367
407
239
370
