1
3
6
81
385
411
87
255
89
390
366
372
374
454
456
13
204
15
42
358
111
403
332
383
388
342
336
354
348
381
76
92
392
417
132
289
250
281
68
71
244
329
330
197
293
303
191
463
192
5
56
122
80
96
104
268
19
343
20
153
174
32
41
112
331
365
369
59
74
246
248
279
283
254
285
58
66
190
462
11
145
187
326
183
457
184
324
203
298
301
221
225
272
7
335
341
431
150
38
169
313
141
425
142
158
306
194
465
2
8
83
107
101
114
275
25
347
26
99
264
73
380
420
77
119
125
85
127
88
256
52
55
64
129
286
54
57
65
180
188
185
458
10
202
12
338
428
446
426
444
37
220
39
356
108
271
110
9
18
151
143
167
159
438
28
214
226
316
318
154
156
193
464
4
22
155
435
23
211
199
234
205
223
136
421
439
441
447
422
424
430
40
171
314
138
162
164
442
434
450
31
216
33
105
400
344
361
405
103
116
276
21
94
97
395
377
379
79
95
261
290
70
133
75
195
196
200
218
229
319
215
308
311
157
177
452
29
46
227
230
266
270
