1
2
20
26
225
246
289
295
25
94
95
452
97
103
459
390
411
412
503
520
29
35
399
512
38
170
515
490
498
532
11
378
383
407
105
111
297
7
8
57
17
44
175
235
345
238
137
161
506
509
519
500
501
23
5
54
251
206
222
285
292
19
88
89
448
481
76
92
100
108
369
413
521
529
531
14
214
279
50
56
63
193
151
211
217
241
142
166
179
352
227
243
350
158
335
336
199
200
203
219
261
314
271
307
64
67
197
367
196
198
205
229
244
223
264
270
284
316
66
132
315
71
433
72
78
273
286
317
268
274
287
69
135
136
431
484
73
79
440
475
81
442
461
374
439
458
400
376
384
499
528
10
59
125
129
311
275
277
18
9
36
168
144
152
188
201
202
226
242
299
283
27
392
505
28
30
98
90
93
134
428
430
75
77
438
445
415
417
424
83
127
128
278
280
52
55
252
258
183
190
361
213
328
329
237
239
139
141
185
192
523
525
13
380
404
405
107
109
371
373
381
497
40
172
517
487
495
516
492
513
37
43
110
296
298
3
204
269
272
293
21
220
333
155
157
502
534
4
31
33
397
389
387
449
482
