1
28
177
191
362
364
243
257
168
169
192
363
174
175
195
240
246
259
303
314
25
26
80
149
282
288
324
79
279
280
215
380
219
332
367
377
222
236
278
285
299
306
19
100
126
129
316
27
108
81
217
218
220
283
90
451
472
401
464
109
302
308
117
9
18
228
231
294
312
3
84
93
454
475
388
395
416
501
508
536
10
64
67
434
435
94
96
456
425
433
489
430
437
91
97
457
491
92
98
290
311
7
224
245
36
409
522
37
43
190
360
247
249
45
158
167
341
226
339
342
344
250
252
152
333
354
357
170
347
378
221
242
305
315
21
234
255
48
51
24
105
102
297
276
75
78
440
443
82
444
465
468
478
479
110
116
130
399
462
493
83
445
481
135
321
73
76
147
492
438
439
77
86
104
460
396
417
420
421
512
528
29
178
184
521
38
411
474
122
381
402
405
413
525
496
498
506
531
538
13
392
505
539
14
68
95
293
55
423
529
530
200
5
23
397
400
463
441
442
543
2
382
424
59
264
370
230
272
196
366
372
374
375
198
368
371
229
271
273
292
326
57
262
319
139
63
72
270
289
291
99
458
118
473
477
119
125
386
394
436
540
11
17
166
160
503
390
432
65
71
269
227
340
248
251
150
151
495
154
181
32
50
418
509
510
172
349
210
376
379
212
214
542
4
153
497
518
519
40
42
414
121
123
383
385
448
461
398
419
422
514
