1
2
140
184
192
557
14
218
285
49
183
548
561
564
5
30
99
300
18
154
155
177
365
159
181
368
230
246
251
297
303
23
227
250
313
25
408
530
26
32
33
415
422
513
514
537
528
529
27
43
424
487
406
407
429
96
475
482
391
458
459
466
104
110
305
7
212
213
228
272
274
280
295
69
70
138
450
451
73
119
133
504
76
84
107
386
430
491
496
502
81
126
131
435
443
444
553
554
11
17
153
522
35
41
175
238
360
144
167
174
363
146
161
205
206
252
259
264
380
215
221
265
282
288
54
257
319
325
56
437
452
72
273
279
287
308
9
393
515
555
10
34
36
105
108
307
3
6
53
256
263
284
324
51
120
493
495
83
463
464
106
484
388
411
418
420
510
533
535
37
172
173
240
362
141
164
178
180
525
527
29
165
166
356
156
158
349
232
234
249
299
301
20
90
113
488
98
114
115
403
405
471
447
449
75
121
122
129
432
434
442
550
558
13
150
151
195
217
341
379
185
187
202
563
4
21
67
135
136
276
317
329
66
268
270
200
383
209
225
248
367
233
241
139
147
191
376
377
188
189
375
203
204
207
223
346
382
210
277
