1
2
443
495
566
580
86
104
541
511
512
515
641
644
643
4
13
67
69
148
328
330
57
60
78
157
319
321
339
75
154
375
81
519
82
135
144
574
576
94
96
533
496
499
570
513
581
85
87
105
132
345
347
21
24
51
209
267
269
287
180
398
401
231
439
241
381
383
428
250
302
304
214
425
434
220
431
247
249
275
415
168
195
412
273
279
281
350
352
9
246
298
367
325
331
333
63
72
151
502
510
91
93
99
536
118
120
557
450
458
484
592
600
37
39
198
621
40
199
622
41
277
160
161
164
588
173
391
212
213
216
233
242
294
427
251
303
329
55
56
59
498
633
14
68
95
122
442
584
629
630
642
5
446
463
489
113
550
459
460
538
544
110
547
561
465
543
564
467
545
109
342
344
356
27
54
493
609
28
468
470
548
562
112
549
563
461
464
490
603
606
31
471
488
627
32
472
614
601
624
625
607
608
29
47
50
208
268
408
178
179
397
400
229
437
438
235
441
239
245
271
289
184
210
422
186
237
238
264
404
413
416
162
189
192
200
276
278
353
3
30
111
114
551
121
123
444
447
455
481
586
589
597
631
636
10
16
456
457
599
634
635
11
65
71
150
326
369
61
141
149
578
92
145
575
500
501
572
517
583
83
521
530
535
119
125
448
474
475
483
590
616
617
38
197
202
274
414
166
167
185
211
265
283
286
346
19
20
23
77
156
320
338
73
74
309
374
79
80
159
317
323
341
343
351
7
8
17
176
227
248
254
394
218
219
236
645
