1
2
8
35
157
29
46
49
220
253
263
25
334
26
93
251
69
365
70
234
236
247
276
238
249
64
124
402
405
73
88
109
95
101
103
259
7
56
173
179
445
11
17
44
38
160
41
213
129
406
436
169
307
224
189
201
207
255
19
330
418
446
181
315
184
317
187
199
217
303
148
421
149
292
205
209
297
211
299
134
410
135
174
310
193
285
195
244
50
112
266
114
117
52
55
62
359
437
443
13
194
286
141
170
172
439
447
4
53
352
438
448
5
23
91
76
116
84
106
318
320
338
383
388
319
321
339
345
407
413
415
40
162
300
131
139
161
430
411
428
37
43
107
261
9
36
158
136
143
175
441
10
192
241
245
18
329
323
341
335
366
72
235
252
258
104
387
105
260
3
12
60
121
399
83
243
85
375
351
394
396
362
364
75
237
248
264
21
89
378
331
333
419
422
28
34
100
256
265
27
71
185
186
204
216
218
24
68
66
126
403
