1
3
78
388
403
408
111
409
337
343
435
437
461
463
13
206
15
345
363
429
447
449
40
224
317
139
147
149
181
189
186
465
10
84
392
396
91
85
128
288
58
374
59
185
2
138
162
175
320
158
444
159
309
217
311
314
223
227
142
432
143
299
327
205
240
329
184
464
469
11
17
209
243
256
260
274
7
34
106
113
276
9
18
152
144
168
160
197
198
216
30
102
116
412
353
386
76
387
397
424
133
292
252
264
68
381
470
193
333
196
335
199
234
245
248
250
254
286
73
385
74
77
93
262
266
268
278
25
50
178
459
29
35
167
38
170
41
112
336
348
352
26
99
101
115
104
270
19
22
71
246
293
70
134
425
79
251
81
124
54
57
65
379
87
257
89
395
371
373
418
382
384
471
4
140
182
462
56
5
23
96
80
123
284
258
52
370
460
180
324
236
201
213
219
225
137
295
297
141
165
155
157
443
31
48
117
279
21
94
97
400
103
269
105
405
349
351
368
441
457
445
28
100
267
271
36
359
341
347
439
37
222
39
171
453
433
451
