1
90
183
192
189
136
169
182
53
88
258
61
85
256
245
210
230
255
244
66
12
45
48
15
130
147
6
33
107
102
24
21
70
247
215
268
217
31
76
251
248
259
236
282
4
205
222
216
237
5
23
32
77
72
214
267
281
91
184
199
187
196
93
116
98
112
38
79
42
207
233
279
266
11
96
111
40
81
203
229
209
226
252
241
250
221
272
223
39
80
253
204
208
234
213
63
78
174
149
9
36
225
219
270
28
73
68
87
257
59
83
178
155
56
158
127
160
168
171
144
25
138
27
57
239
58
82
254
243
212
228
276
263
274
37
145
195
197
94
109
104
121
122
139
170
143
194
191
135
140
193
190
103
120
283
2
44
114
47
86
180
52
118
54
157
125
142
137
100
22
71
89
62
162
173
19
134
156
201
119
55
124
141
172
30
75
60
84
65
18
51
117
280
10
95
110
275
227
206
261
265
278
232
13
211
14
67
166
43
113
46
152
179
165
176
3
92
115
97
99
128
163
132
188
129
146
175
7
34
108
273
269
20
101
106
29
35
74
69
26
218
238
8
50
17
64
164
133
49
154
200
202
123
151
153
131
148
