1
2
55
191
341
351
213
225
260
266
278
71
140
448
451
81
87
96
90
136
93
119
354
360
362
460
492
14
41
237
145
171
185
188
482
32
50
110
284
19
222
257
305
142
73
76
206
495
4
212
230
328
176
473
40
236
289
3
12
15
42
381
118
432
355
408
425
431
359
377
383
115
287
290
9
36
179
153
161
463
489
10
154
157
183
478
453
471
477
457
475
37
234
332
182
147
156
158
461
485
491
13
218
254
348
192
201
198
209
210
214
232
244
339
229
327
337
231
329
162
165
466
166
323
204
207
496
5
58
75
84
130
298
272
54
126
438
127
141
306
77
405
78
262
264
268
280
282
292
25
370
26
169
325
208
353
211
215
314
319
196
203
493
11
155
181
38
44
116
288
7
358
376
474
178
331
235
333
151
456
488
197
345
217
221
256
270
274
60
132
139
304
62
134
443
406
80
86
95
273
97
418
394
400
89
269
91
94
416
390
392
398
92
271
303
56
59
131
441
402
449
83
265
85
410
427
367
369
422
109
283
111
21
24
51
387
465
481
31
49
242
338
164
187
170
469
28
46
384
47
241
245
168
468
483
29
35
53
107
113
286
