1
2
20
371
476
156
323
226
330
152
175
337
325
158
159
35
26
74
258
195
353
199
215
320
350
202
311
344
190
193
508
5
141
183
14
210
271
52
53
180
341
346
207
249
301
58
185
189
504
11
62
65
131
268
273
287
7
204
265
272
93
429
402
407
85
87
425
443
361
422
440
109
286
288
9
84
108
27
377
414
76
119
132
134
305
69
72
410
507
4
357
373
411
71
256
263
277
67
408
409
459
80
123
89
113
354
415
423
455
426
88
90
57
124
450
398
405
366
389
112
114
356
358
382
438
372
374
479
31
49
395
495
32
50
240
283
19
94
117
291
238
21
216
321
338
225
329
339
154
157
324
192
351
201
262
264
121
54
243
250
342
181
184
149
13
365
388
491
464
484
490
40
172
335
139
147
316
334
145
151
187
502
10
61
128
130
302
60
127
75
197
198
307
310
343
317
209
211
63
15
42
173
232
234
289
3
78
81
105
51
178
477
494
481
28
222
224
36
45
391
469
474
37
43
390
492
38
386
41
233
137
179
496
503
404
456
400
406
457
86
92
428
110
116
359
383
439
433
375
376
47
393
379
29
162
168
327
223
237
221
25
220
257
306
260
294
299
73
135
461
77
95
431
435
101
107
99
136
412
413
509
