1
2
20
175
583
604
32
50
131
335
19
248
323
362
363
79
80
155
307
313
330
332
346
25
52
133
134
451
452
527
110
530
544
113
533
445
471
476
477
587
588
29
35
189
203
257
275
280
180
202
408
182
229
230
367
376
400
404
164
375
384
265
271
344
9
238
314
108
27
54
478
589
28
30
258
276
347
334
348
21
102
522
525
112
130
546
447
473
545
453
528
109
111
531
537
118
538
540
121
541
430
439
465
600
40
194
195
567
570
578
609
618
13
67
69
295
318
320
57
60
209
414
242
244
381
268
403
158
185
187
179
176
387
425
233
370
379
421
206
215
420
212
220
239
315
358
359
63
72
487
615
10
91
97
124
542
436
462
470
573
581
37
43
45
126
340
342
343
3
84
506
515
557
94
96
146
481
484
553
497
500
85
138
140
153
309
311
355
75
300
364
81
503
82
88
510
511
555
501
502
83
505
508
552
495
496
561
86
104
152
310
327
73
76
77
225
621
622
5
23
252
302
221
423
426
223
226
623
4
159
568
577
601
41
122
428
504
513
516
558
95
319
55
281
287
296
422
240
291
419
210
211
416
227
228
231
368
386
424
234
285
413
243
294
204
205
208
611
14
169
380
269
156
183
590
598
599
571
579
580
613
614
11
65
71
297
316
341
7
236
262
397
398
266
272
162
188
595
602
38
44
469
119
125
434
485
486
494
92
514
539
