1
2
56
195
347
353
223
259
194
492
494
198
349
208
502
209
357
217
317
329
235
335
241
148
175
178
187
340
150
153
180
481
40
240
294
3
84
415
433
439
121
440
361
363
381
387
461
479
485
465
471
497
10
220
256
258
69
405
493
499
13
67
206
354
196
199
495
503
4
362
462
152
170
5
59
68
14
161
41
122
360
414
446
450
136
305
275
279
293
7
88
272
284
299
27
54
174
477
28
378
478
480
179
32
50
247
166
472
167
190
29
35
182
337
172
476
173
331
233
237
249
287
297
289
19
22
103
146
458
86
133
303
277
55
250
254
260
309
63
72
407
91
274
93
99
9
18
165
156
183
483
37
238
242
45
389
118
123
441
365
371
425
401
451
413
82
129
138
306
308
57
66
140
453
94
276
96
423
397
399
449
409
457
85
270
282
298
21
24
105
75
145
81
213
214
314
332
334
344
168
191
489
31
234
246
51
393
112
288
114
435
373
391
443
377
395
109
432
442
125
110
116
291
25
106
147
313
269
281
285
79
412
80
267
212
359
215
251
301
311
271
283
73
143
456
459
83
89
98
92
139
307
61
400
406
501
11
65
257
261
200
496
201
351
221
321
325
239
243
154
181
188
487
38
44
119
