1
7
66
84
78
102
302
63
93
101
218
60
280
337
2
20
75
77
65
188
213
57
140
335
58
5
23
159
147
177
153
193
45
54
138
333
55
99
216
51
178
184
219
186
201
34
166
148
154
194
189
204
36
9
18
252
312
37
168
205
39
128
324
40
170
207
3
12
248
309
334
13
111
310
14
41
171
103
303
328
46
175
181
179
136
237
240
145
157
196
209
25
160
199
27
120
143
144
185
195
208
44
269
327
31
261
292
262
254
256
76
289
283
298
286
250
271
273
94
70
192
15
47
56
277
275
332
10
247
265
323
306
8
17
38
169
149
107
119
228
161
163
167
125
321
35
85
263
293
284
287
73
251
311
331
52
11
151
155
113
225
222
231
126
108
307
322
317
28
80
200
30
122
131
124
164
202
33
21
116
314
22
255
315
305
330
49
95
71
89
241
282
297
301
279
244
64
82
88
295
242
260
266
246
264
258
281
62
92
100
217
187
212
50
135
176
236
221
227
118
158
197
24
59
6
106
146
152
224
233
104
110
139
112
133
141
336
4
243
272
249
267
325
304
329
48
134
105
117
123
320
32
165
203
19
115
313
326
43
91
79
257
316
26
29
81
87
67
245
274
299
97
69
191
16
72
96
214
53
137
