1
7
34
174
233
132
39
42
114
6
249
293
303
259
286
314
75
198
77
92
21
86
111
71
289
72
87
300
268
327
328
37
176
235
135
117
12
120
146
62
141
55
105
66
149
68
154
186
216
217
64
109
220
193
244
147
148
337
287
5
54
187
67
194
155
167
228
121
227
166
164
204
168
229
238
171
207
175
25
48
138
331
29
128
232
173
22
260
258
285
313
288
70
73
8
57
17
79
94
44
250
317
116
143
11
119
134
41
97
246
276
307
101
215
189
242
159
201
163
56
280
334
282
284
311
78
294
256
252
319
336
283
14
82
203
50
184
214
188
241
190
192
58
144
60
158
225
160
15
255
13
254
271
40
178
212
3
30
129
33
24
123
322
338
4
248
292
296
312
277
333
279
310
81
202
83
297
96
305
247
265
326
267
261
31
90
208
209
19
45
47
136
237
182
181
213
183
27
126
151
152
196
74
89
301
299
263
324
28
127
325
266
302
273
330
274
32
91
46
137
321
122
23
20
85
99
298
262
26
169
69
195
245
153
197
157
224
234
124
323
125
230
150
339
2
51
140
240
226
236
115
142
59
61
108
219
52
102
308
281
16
63
106
218
107
200
162
18
80
295
257
253
320
133
329
270
304
93
95
210
180
9
36
269
43
272
251
318
335
10
118
145
243
191
161
179
112
139
53
278
309
104
65
110
76
199
165
205
84
98
306
275
49
88
35
131
38
177
211
