1
234
373
399
402
415
264
273
158
167
170
385
410
160
187
189
197
272
274
348
3
84
514
531
534
112
130
132
339
353
21
102
330
108
27
54
184
600
28
34
35
469
607
598
599
29
186
202
413
182
183
398
261
267
284
337
351
25
106
107
536
110
539
545
459
535
556
461
537
109
127
552
555
455
481
483
594
597
31
33
51
205
263
281
282
178
393
396
227
433
237
376
420
422
246
297
299
210
219
630
13
67
69
500
94
96
147
322
324
57
60
290
307
313
358
371
75
152
370
81
511
82
512
515
524
568
489
492
562
505
508
85
103
104
533
113
542
453
479
480
615
32
50
131
340
19
100
150
368
369
314
359
73
76
153
154
503
504
571
509
574
83
136
142
564
92
522
527
119
125
442
450
589
613
38
44
199
581
582
590
625
626
11
65
144
149
493
563
569
495
627
10
12
93
523
525
121
123
438
441
467
605
40
196
612
577
586
588
621
624
635
4
161
211
228
229
633
634
5
440
491
507
86
516
561
95
122
436
437
576
620
629
14
68
298
323
55
58
288
289
421
247
386
208
209
418
432
238
256
395
225
226
232
637
2
159
168
383
427
214
222
430
244
295
301
320
326
61
62
80
157
311
317
362
79
308
309
231
435
235
374
400
408
164
379
404
405
270
276
346
7
240
242
318
344
345
349
9
90
520
546
118
120
126
444
470
478
583
608
37
43
45
200
269
407
409
166
175
390
216
224
243
294
300
367
63
293
425
233
