1
3
30
166
169
492
40
391
392
468
490
496
473
494
487
28
46
178
343
346
225
239
286
289
19
25
102
110
119
295
9
88
97
435
406
412
89
271
303
305
56
59
126
123
298
246
253
65
67
409
402
453
457
419
80
98
279
281
309
73
76
415
511
4
360
368
476
506
187
503
504
408
14
93
275
54
121
127
133
306
62
70
191
508
10
149
173
174
340
148
154
479
37
43
393
498
38
44
232
235
140
466
467
366
429
459
404
455
456
90
96
134
272
304
60
61
78
262
264
297
308
77
138
139
417
418
81
99
437
440
105
111
120
292
7
206
230
36
387
394
113
115
448
116
118
359
361
424
377
375
397
443
107
109
51
21
218
326
344
227
335
345
157
160
329
194
196
203
211
321
350
355
204
315
183
347
352
356
201
207
318
215
209
252
348
189
190
69
11
64
184
193
353
197
198
513
2
358
374
414
463
84
101
282
71
74
416
75
260
192
195
512
5
23
220
328
228
242
155
480
499
502
29
382
489
165
171
35
53
47
396
50
32
168
41
117
357
365
370
478
371
434
114
447
362
386
399
445
450
364
427
104
106
48
179
181
482
500
31
167
175
176
234
341
142
313
320
322
185
349
354
199
200
216
222
283
290
112
285
287
240
27
163
