1
2
137
152
296
298
216
303
151
173
309
311
153
156
192
451
4
198
210
227
51
356
424
439
31
49
355
440
32
164
41
113
325
327
344
390
400
337
385
387
103
262
272
21
96
99
69
134
75
372
76
82
377
83
107
26
340
371
74
77
95
116
271
25
212
27
159
195
196
244
273
121
124
404
368
411
79
246
81
376
391
112
268
3
6
57
182
444
13
333
381
88
252
90
54
179
188
15
204
221
42
138
162
171
436
40
350
396
326
343
389
393
109
114
269
9
84
378
383
362
366
446
10
16
206
18
66
60
127
406
85
250
266
111
395
330
347
352
418
422
37
219
306
308
144
168
434
428
28
342
346
433
167
305
220
307
142
148
421
449
11
17
92
86
129
89
253
52
55
359
443
181
14
205
222
136
160
429
438
174
310
157
427
158
29
161
170
38
44
224
267
7
329
417
143
149
294
183
445
184
317
203
207
238
251
255
58
125
405
126
278
73
243
324
197
209
257
283
247
276
67
239
321
323
199
211
242
190
450
452
5
56
71
80
98
104
263
19
336
20
68
191
322
194
453
