1
3
6
140
399
162
414
163
32
50
223
150
172
300
174
33
51
222
210
293
164
152
407
409
31
331
336
40
216
42
137
161
170
418
401
405
37
214
218
299
143
149
183
189
190
202
204
24
326
49
341
378
108
258
19
46
339
376
380
383
316
333
338
112
260
114
381
115
382
312
324
373
377
104
110
52
342
379
105
256
261
7
315
364
87
26
53
327
410
157
290
209
292
296
156
175
422
29
160
173
301
211
294
217
135
275
281
146
403
320
13
319
368
392
93
116
311
360
362
374
395
84
102
254
71
354
72
132
273
77
358
78
81
240
265
124
268
126
62
70
353
427
10
317
349
64
177
180
423
428
185
308
188
431
2
8
17
201
68
233
306
181
426
182
11
197
231
304
176
179
66
351
425
430
5
139
278
288
184
307
309
193
205
237
242
267
248
54
225
230
303
305
232
67
198
247
94
369
344
385
391
92
130
271
56
59
346
387
355
357
429
4
22
101
134
274
73
133
394
83
241
253
103
375
107
257
109
21
100
106
111
255
259
224
27
328
359
80
98
372
99
252
207
25
206
289
302
158
411
28
208
30
36
45
9
88
365
371
348
389
89
127
390
128
61
69
352
347
388
125
90
96
250
60
229
238
310
191
195
280
284
215
219
141
147
404
148
38
44
113
