1
10
12
66
236
198
295
152
293
298
201
239
72
234
253
255
99
63
370
64
70
16
150
43
220
45
143
170
448
37
352
353
38
44
216
273
7
34
213
270
117
408
118
124
413
332
429
144
430
333
371
373
335
432
354
40
42
123
327
329
386
405
340
343
400
109
264
202
259
260
203
222
52
225
206
263
106
107
399
342
361
362
440
28
344
401
404
341
360
50
357
358
339
396
104
395
376
377
77
86
113
23
338
435
436
157
32
211
268
19
22
49
224
46
47
20
101
74
181
321
192
249
100
103
76
183
323
182
184
459
4
6
193
250
269
21
24
51
48
223
204
261
108
27
54
161
187
188
226
232
318
179
18
196
215
272
276
9
90
389
421
91
390
409
411
121
412
122
325
328
366
367
67
374
393
94
96
256
275
3
57
365
451
453
13
336
433
147
149
15
69
237
199
296
218
219
135
162
165
444
166
308
153
156
158
155
301
322
191
210
267
205
262
102
105
78
75
242
81
381
82
88
115
116
407
119
125
330
427
434
337
375
65
71
98
92
391
95
257
55
61
62
369
455
11
17
151
145
431
334
372
68
14
148
297
171
174
452
175
316
180
457
458
5
59
130
281
73
240
241
79
244
324
189
195
214
271
25
26
53
160
159
185
186
461
2
136
172
178
319
197
200
238
