1
4
22
71
141
518
459
517
79
95
97
483
103
489
501
414
437
439
538
559
31
48
187
377
163
186
188
241
365
366
249
251
147
149
345
359
208
210
217
233
279
339
70
140
338
286
326
328
294
334
54
57
195
383
225
272
273
193
201
203
564
566
13
64
134
513
444
505
512
87
475
476
111
496
398
400
524
548
40
42
432
522
530
554
527
535
37
246
252
373
247
253
150
174
367
176
152
160
198
569
10
12
86
110
315
317
3
6
24
49
258
310
312
21
47
118
320
27
168
543
28
420
544
545
558
32
242
311
19
412
536
539
23
234
218
265
327
295
52
123
129
143
519
77
93
300
306
308
314
25
236
237
361
239
245
368
166
167
190
541
561
29
421
436
441
101
487
499
417
484
485
462
463
577
2
20
162
207
5
56
127
80
96
104
112
396
404
450
570
571
14
41
250
145
153
528
552
556
38
44
183
525
526
534
567
574
11
405
429
434
109
115
316
7
16
90
297
335
60
75
213
214
230
276
336
337
287
303
68
138
139
144
284
324
330
73
281
282
211
212
215
221
229
354
196
204
390
223
270
275
292
332
58
66
136
137
447
448
456
85
473
494
401
425
491
502
419
464
76
283
285
309
36
9
18
411
403
427
551
