1
3
6
207
231
346
155
338
371
205
229
292
294
21
90
132
320
270
285
321
66
262
264
196
198
543
4
31
401
515
523
492
514
522
40
42
173
237
239
139
325
360
366
213
257
367
183
190
192
531
538
13
15
215
258
278
280
52
55
122
128
420
422
478
83
85
450
107
468
376
400
460
462
392
394
435
75
91
114
93
134
433
487
438
72
117
123
124
480
436
437
73
79
445
457
97
103
464
395
416
417
509
528
29
46
243
355
158
159
341
227
233
246
290
303
25
26
225
266
199
373
203
209
254
217
211
331
350
142
143
167
518
38
170
521
495
517
524
497
519
37
104
297
299
9
36
168
144
152
188
536
10
382
446
481
447
81
87
111
379
380
396
510
545
2
138
182
187
535
11
383
499
14
84
279
50
247
249
256
315
58
71
201
202
210
275
277
18
389
381
405
397
511
28
161
162
513
526
32
230
238
137
181
186
193
151
175
235
241
298
7
8
57
17
44
412
105
466
108
374
418
419
530
54
121
76
92
100
293
19
88
94
95
288
69
135
322
268
283
319
271
286
64
67
434
544
5
23
222
206
251
310
