1
55
58
471
59
282
298
306
346
73
76
297
418
234
364
380
258
274
174
175
200
398
180
204
205
255
261
277
327
338
25
26
80
301
303
343
349
79
300
359
81
491
82
88
89
498
506
473
539
546
92
98
148
311
317
61
139
147
354
63
141
541
91
93
144
146
470
472
480
94
96
123
336
3
6
87
105
130
438
462
464
112
114
520
121
527
422
446
448
456
554
562
564
596
604
13
67
289
291
313
315
57
60
283
299
305
321
323
75
151
549
85
495
511
550
486
488
608
4
22
49
51
203
570
572
31
186
188
580
40
42
196
265
395
158
167
370
412
241
371
413
208
211
407
224
417
233
363
387
400
176
179
381
257
273
275
329
331
21
248
320
108
27
54
182
575
28
30
256
264
394
164
173
214
229
230
254
326
328
117
523
118
524
526
427
435
459
559
583
37
262
268
45
9
90
99
507
475
483
601
10
64
215
220
221
599
600
11
166
561
585
41
122
420
444
516
518
531
443
515
109
115
131
533
110
517
525
425
433
457
458
119
125
335
7
8
163
172
375
263
393
162
189
197
588
38
44
198
557
558
582
573
593
29
47
461
530
441
442
574
609
2
56
62
140
540
489
490
83
134
535
137
86
104
322
330
19
20
74
485
77
5
160
178
32
187
388
266
156
165
560
602
605
14
169
372
206
594
595
210
406
222
415
416
227
419
231
279
287
293
212
408
414
239
369
411
242
290
314
