1
3
224
248
264
267
320
327
21
240
311
314
73
146
148
468
528
83
477
493
494
109
125
126
421
445
447
549
570
31
180
196
571
32
181
373
168
361
364
366
249
251
374
170
195
384
176
221
222
238
244
367
368
219
402
223
347
362
399
226
350
365
250
266
321
19
22
422
469
75
5
58
274
391
214
398
401
216
218
582
4
406
534
155
204
14
234
258
151
531
539
542
579
573
574
581
583
2
404
420
23
242
289
297
313
71
466
467
527
84
132
332
305
54
128
129
329
335
302
308
60
276
291
345
294
310
316
77
78
150
471
472
81
475
483
488
116
122
408
409
456
464
90
96
143
455
463
525
457
465
89
301
303
97
9
88
481
489
115
117
506
410
418
442
538
562
37
43
191
381
159
167
208
578
10
63
66
140
141
452
454
517
92
485
486
118
507
405
407
415
439
533
557
565
40
189
190
257
259
153
162
356
358
202
389
400
225
241
243
290
296
331
333
304
339
56
272
280
70
62
136
520
473
80
474
482
521
522
93
119
403
427
555
563
567
38
44
441
536
544
545
576
580
11
161
210
395
206
207
393
231
355
360
255
378
157
183
375
386
247
263
383
174
198
199
552
572
29
47
444
498
107
113
318
324
7
34
252
36
434
503
426
554
28
46
123
127
326
317
319
114
27
79
