1
2
117
146
254
163
169
211
49
145
354
293
329
301
334
114
76
207
218
18
127
141
250
143
46
129
22
276
317
92
217
94
321
274
315
325
278
305
72
104
327
331
110
63
79
17
126
239
184
220
7
32
283
33
137
35
139
249
119
338
342
284
34
36
140
248
183
187
219
97
9
121
132
346
26
133
244
135
348
138
350
285
323
263
337
265
271
37
185
39
118
6
77
309
313
98
221
3
74
307
328
332
81
210
83
51
59
298
359
13
270
312
333
292
355
294
330
302
362
4
21
174
190
224
20
86
102
25
71
159
160
166
12
80
311
95
40
286
322
96
41
266
8
165
235
247
130
242
252
178
189
223
23
47
144
353
27
90
101
48
277
24
176
243
158
261
161
173
213
113
231
203
69
304
70
73
205
226
196
256
167
198
229
54
295
55
149
11
123
237
258
148
255
259
150
357
10
122
236
257
199
61
147
53
108
66
115
335
75
87
214
201
202
260
157
68
162
179
31
282
29
281
320
326
93
99
262
273
287
351
289
30
180
186
116
336
343
128
241
155
67
64
65
156
361
303
5
14
82
