1
3
74
91
325
329
98
330
268
274
348
360
346
358
37
291
328
294
361
38
140
253
119
239
250
254
121
126
350
367
10
78
210
80
97
9
18
278
272
290
284
354
28
45
295
331
297
49
90
35
183
251
185
223
7
34
136
357
363
29
46
144
32
41
99
267
279
20
173
245
256
130
353
131
247
179
219
226
25
176
205
266
161
207
229
235
69
311
70
73
8
57
17
79
96
44
271
277
307
370
11
123
242
167
211
171
56
149
366
150
261
158
373
2
117
147
259
196
169
187
116
133
248
180
33
24
129
352
282
31
92
220
94
327
280
322
341
75
208
230
233
52
60
153
62
148
365
369
13
168
212
83
320
299
305
338
81
111
339
82
213
50
103
228
232
110
58
303
312
72
89
100
225
192
27
71
159
160
166
12
124
15
276
40
186
42
118
6
77
316
336
309
372
4
269
281
23
5
54
107
76
88
217
221
19
127
22
47
102
227
21
86
114
66
157
68
162
195
204
236
209
231
64
155
371
156
265
163
175
181
