1
2
5
4
6
15
13
200
209
242
141
139
140
143
142
144
153
246
151
152
182
185
14
41
40
42
3
9
198
7
8
89
290
88
225
90
99
63
61
62
71
70
72
93
91
92
95
94
227
214
215
218
256
181
183
192
259
258
199
201
210
244
247
208
39
37
38
176
175
319
309
312
273
275
300
263
266
284
291
292
279
280
286
289
86
85
87
105
75
73
74
80
79
81
84
82
83
101
294
295
104
113
20
19
22
268
23
50
49
51
114
21
102
229
100
103
112
233
202
203
24
162
160
249
206
212
248
159
157
158
161
32
31
33
171
252
169
170
317
313
314
271
277
298
267
269
25
26
53
278
52
54
213
232
111
109
110
297
299
116
115
234
117
27
165
163
28
30
36
207
34
272
35
173
164
29
167
316
166
251
168
174
253
172
318
315
270
276
320
179
178
180
255
250
205
211
48
46
47
122
301
121
123
236
204
231
108
106
107
296
287
288
302
125
134
305
133
135
240
216
219
226
228
97
98
293
281
304
131
130
132
239
222
223
237
124
126
129
238
127
128
303
285
306
137
136
138
241
224
230
220
221
260
195
193
325
261
262
308
311
321
323
187
10
264
282
324
190
191
188
11
17
16
18
45
43
44
119
118
120
235
196
197
243
257
186
184
322
265
274
307
310
149
148
150
245
254
177
147
145
146
155
154
156
189
12
66
217
64
65
68
283
67
69
96
57
55
56
59
58
60
78
76
77
194
