1
2
20
47
222
25
208
239
73
365
74
77
95
26
334
421
156
29
210
214
299
216
220
140
146
415
147
288
180
185
441
11
144
168
38
44
109
262
7
323
355
438
181
311
199
232
234
247
274
58
64
359
65
86
127
89
249
52
175
178
189
444
5
138
179
309
201
218
134
407
135
159
295
304
155
293
157
191
192
225
306
315
317
195
228
238
186
442
187
316
190
318
193
205
236
277
243
270
67
361
404
131
80
98
104
259
19
94
252
96
132
69
72
364
79
242
81
370
381
362
405
366
76
240
78
119
396
398
88
248
90
54
57
354
13
15
200
217
42
136
145
414
430
40
111
263
3
12
63
128
402
356
400
85
91
129
275
60
66
360
439
10
198
285
300
302
142
148
416
37
215
219
264
9
18
93
377
108
261
110
389
324
329
346
412
428
422
28
46
221
303
305
151
173
433
31
211
33
339
385
331
348
350
418
420
443
4
137
152
419
153
292
212
297
149
417
150
172
32
162
41
112
319
351
435
437
327
344
390
320
368
383
393
103
116
266
21
48
115
27
75
