1
4
58
499
634
643
633
642
639
10
12
15
42
483
588
614
623
40
199
624
41
277
160
163
190
207
423
180
206
209
267
409
418
162
382
388
397
273
275
417
168
195
203
594
620
37
39
120
126
452
530
556
469
547
109
115
348
350
351
353
9
18
255
333
63
72
307
220
228
247
299
300
371
61
141
143
151
325
370
372
328
373
57
60
501
636
13
172
224
225
250
302
304
214
217
430
231
441
241
243
295
313
319
364
366
75
78
157
515
583
85
525
570
572
94
147
148
498
507
578
504
575
91
97
536
561
119
558
450
458
459
537
502
573
580
92
145
150
326
332
352
7
8
451
477
485
592
618
619
38
44
202
274
416
166
386
431
438
248
390
396
218
219
638
649
2
56
74
309
312
320
365
73
308
375
376
79
314
379
317
335
341
343
349
25
52
53
134
467
493
494
110
549
552
461
462
604
607
32
191
208
268
286
178
181
182
402
229
230
440
235
236
239
257
399
405
265
283
289
184
404
424
186
237
238
380
383
385
411
276
278
354
3
240
292
298
369
81
521
82
522
523
529
574
519
585
83
101
153
582
86
526
571
513
516
517
645
646
5
59
77
233
242
294
429
251
393
212
631
632
641
14
68
303
329
55
64
505
510
511
637
644
11
65
506
577
95
122
444
447
464
542
544
112
130
565
113
131
346
19
46
204
210
211
609
630
29
188
613
616
603
606
629
605
628
31
33
114
132
345
359
21
258
336
108
27
54
495
611
28
470
476
478
486
118
557
559
121
123
446
449
527
553
463
466
608
647
