1
230
256
388
395
399
164
173
380
265
271
273
337
339
9
36
264
54
27
108
520
495
82
88
141
147
546
479
480
494
613
2
423
429
446
519
493
554
83
497
500
544
487
550
553
86
139
152
308
350
73
296
358
359
79
302
303
305
311
328
330
343
25
26
53
471
110
128
536
113
131
439
442
490
491
609
612
5
160
208
601
14
169
41
122
422
425
427
560
584
574
611
4
31
186
187
179
176
383
182
579
28
448
449
466
594
32
50
260
333
19
46
52
202
402
257
275
401
180
181
203
577
596
29
35
116
134
445
470
539
447
472
109
111
117
529
118
530
534
430
438
464
563
587
37
39
459
461
121
533
424
433
507
548
94
96
509
475
478
545
489
552
85
103
130
538
441
514
537
112
114
132
332
340
3
232
365
390
397
268
398
269
156
183
184
192
589
561
569
592
38
44
197
266
396
162
369
386
387
227
228
231
364
370
379
210
409
416
240
289
295
314
317
55
64
65
71
98
92
506
531
428
502
503
528
119
125
338
7
61
70
294
357
63
72
220
604
10
165
168
170
377
206
215
414
212
411
239
372
375
415
243
292
204
205
222
225
234
283
300
221
417
420
223
419
233
366
384
391
259
261
270
158
167
193
590
40
460
591
557
566
568
599
607
13
67
69
217
242
244
293
316
356
57
60
140
153
307
309
326
75
298
360
81
229
