1
2
51
173
54
5
23
92
76
118
271
64
361
444
185
316
193
205
211
217
131
281
307
312
288
302
133
174
176
143
198
15
85
52
353
394
396
83
246
263
3
12
141
182
442
13
327
413
430
406
423
425
40
216
42
346
107
388
320
338
349
391
99
257
101
384
332
377
379
362
402
75
240
252
267
21
24
93
66
68
186
445
4
22
48
222
49
351
417
419
31
339
424
434
32
100
108
319
337
341
347
431
38
44
105
262
7
78
371
385
380
95
97
111
266
25
335
365
404
73
79
87
81
123
84
247
50
223
227
272
276
58
71
366
72
238
244
248
264
9
18
146
138
162
154
189
190
192
210
297
306
149
170
433
421
28
208
30
157
165
429
410
427
37
214
261
106
387
324
330
357
440
10
325
358
60
230
313
177
439
178
311
197
201
232
245
275
56
356
397
121
273
69
236
280
239
269
278
241
253
258
19
45
168
432
169
305
152
420
153
29
35
26
207
237
188
318
191
195
285
290
215
301
136
409
414
443
11
140
181
14
199
