1
3
30
287
297
101
103
237
238
25
27
141
344
28
43
296
44
102
92
100
268
280
306
59
211
167
266
249
263
252
262
158
169
122
160
204
174
6
24
33
42
120
128
152
125
149
349
37
196
39
293
96
97
71
272
273
70
94
36
291
285
86
88
319
89
230
34
194
188
189
213
215
225
227
232
19
184
200
45
155
146
192
198
248
251
126
127
335
338
132
38
8
17
79
278
302
308
309
64
67
107
109
241
221
77
48
299
104
106
239
240
245
52
53
207
161
357
162
11
179
183
177
123
131
133
163
171
172
202
208
57
114
244
243
214
224
246
117
69
216
226
231
93
21
281
80
316
324
318
87
284
26
62
65
81
116
247
61
212
63
66
82
85
83
84
68
217
242
58
210
60
307
115
329
310
325
327
313
315
322
312
321
95
290
35
195
147
148
348
343
140
29
191
197
150
260
250
259
256
139
170
363
2
20
185
201
153
261
258
254
136
341
362
4
270
300
276
337
354
355
49
51
301
271
283
22
282
317
311
326
108
76
222
46
298
47
105
113
111
73
220
235
7
176
206
54
303
110
72
74
219
234
218
233
228
229
90
98
9
18
279
78
223
16
182
253
264
267
173
203
209
164
265
166
130
180
15
277
295
331
336
351
40
294
330
345
350
151
124
333
334
339
358
10
55
304
56
165
359
360
13
129
156
157
168
361
332
342
23
5
175
205
159
356
50
14
181
199
118
121
137
255
138
186
187
193
145
134
340
135
154
352
347
32
41
119
143
142
257
144
346
353
31
288
289
91
320
323
269
275
305
112
328
314
75
99
236
