1
54
202
203
212
407
208
404
410
235
241
288
306
312
60
280
287
351
62
138
535
89
305
307
97
502
470
478
595
10
63
471
536
540
90
96
145
468
533
534
484
485
81
87
493
501
116
519
421
492
508
509
107
113
129
437
461
587
29
441
446
454
551
559
582
38
44
122
330
7
232
256
264
45
455
553
561
37
39
450
580
40
191
192
548
550
558
590
598
13
165
214
409
204
207
592
603
4
57
466
591
206
402
218
411
412
223
415
227
275
340
346
77
78
296
298
314
320
322
328
25
26
177
201
567
568
605
2
55
464
58
75
293
301
317
71
289
292
414
230
246
376
254
384
170
372
374
395
253
269
271
172
197
199
564
566
31
33
42
452
118
521
418
442
512
525
109
111
127
434
436
507
481
483
83
85
135
143
465
530
538
92
142
539
93
119
416
417
433
563
602
5
157
174
32
50
270
325
19
46
47
267
273
176
378
397
251
257
387
259
389
159
167
168
560
593
600
11
64
472
597
14
238
262
153
357
398
406
408
237
239
369
261
391
155
359
362
377
220
222
229
231
302
318
324
337
21
48
125
336
27
79
225
226
274
339
352
355
73
76
294
300
342
350
56
65
284
349
308
310
332
3
228
236
367
390
161
187
577
569
28
34
43
453
522
423
494
517
115
329
331
9
36
447
439
486
80
487
503
506
102
84
134
343
309
