1
192
235
283
288
292
60
125
432
85
91
265
93
411
109
115
282
9
36
367
100
102
48
172
325
219
233
326
151
309
312
186
188
195
238
249
256
269
213
21
210
232
274
108
272
278
280
281
3
194
202
244
205
63
54
237
285
286
119
122
428
120
429
121
80
97
270
67
130
293
248
69
72
81
79
401
414
357
96
24
154
174
453
455
31
49
378
419
103
105
51
355
377
418
423
112
424
339
400
407
381
388
349
13
145
178
474
448
14
204
227
134
143
167
168
322
142
166
464
457
28
216
230
324
313
155
156
35
29
159
459
463
444
449
351
11
346
406
434
383
384
431
86
127
129
261
266
58
64
245
331
181
182
65
201
243
328
333
189
190
481
2
338
380
56
71
250
184
185
478
5
138
300
175
176
62
387
472
179
471
477
480
479
4
55
382
348
371
372
441
443
462
40
169
467
41
113
337
353
356
454
470
32
50
104
276
19
208
246
247
294
257
287
264
52
61
386
433
408
88
90
57
15
42
170
226
323
136
298
304
329
177
180
146
203
305
330
335
196
212
311
220
234
149
451
468
362
376
359
47
26
74
133
395
396
77
399
413
417
101
107
99
358
415
420
425
344
352
374
445
450
37
368
465
369
38
44
141
165
315
164
320
302
306
207
147
17
92
410
110
116
279
7
198
222
214
251
252
254
284
289
73
132
295
75
397
76
398
412
416
421
422
342
350
389
435
385
390
476
10
200
303
327
332
336
193
297
308
217
231
215
25
98
106
277
271
27
157
191
