1
2
20
217
312
314
199
467
200
5
207
303
190
332
331
187
188
191
461
459
465
197
196
334
198
189
192
462
468
4
22
351
23
219
254
260
272
71
384
72
78
256
202
336
205
241
245
250
264
293
60
244
255
299
258
287
291
77
388
426
81
87
113
107
121
285
25
104
406
105
274
276
280
282
7
34
226
321
326
150
176
450
37
43
232
45
366
432
438
464
10
210
12
15
94
399
118
283
3
82
391
397
401
115
281
117
9
36
360
112
409
407
412
408
411
338
356
362
364
428
446
452
40
230
325
144
153
434
436
460
466
13
66
248
67
381
92
135
421
373
379
420
377
383
89
263
265
294
56
65
70
62
131
79
389
80
390
392
415
127
84
102
110
119
337
372
378
382
69
90
133
93
266
54
57
242
288
128
416
385
387
83
259
271
103
405
109
277
111
21
48
184
161
164
442
31
49
236
51
370
440
456
444
28
355
367
47
235
239
165
443
458
29
169
183
328
225
320
159
439
160
166
316
223
318
322
229
233
148
156
437
157
310
193
463
194
11
17
44
38
178
41
231
142
145
429
441
163
32
50
237
278
19
98
269
100
403
120
106
108
114
279
275
284
122
27
167
203
204
257
286
296
298
73
139
424
