2 3 4 7 10 18 26 42
5 8 11 19 27 43
6 9 12 20 28 44
5 6 13 21 29 45
14 30
15 22 31 46
8 9 16 23 32 47
17 24 33 48
25 49
11 12 13 16 34 50
14 17 35 51
9 15 34 52
14 15 36 53
1 42
36 44
9 17 34 54
35 47
19 20 21 23 37 55
5 24 38 55
22 25 39 56
5 22 40 55
29 56
24 25 41 57
27 57
1 26
27 28 29 32 34 37
30 33 35 38
9 31 34 39
30 31 36 40
1 18
20 36
9 33 34 41
23 35
35 36
1 7
1 3
38 39 40 41
23 30
25 29
20 30
25 27
43 44 45 47 50 55
5 48 51 55
46 49 52 56
5 46 53 55
13 56
48 49 54 57
11 57
1 10
51 52 53 54
14 47
13 49
14 44
11 49
56 57
1 4
1 2
