2 3 4 7 10 18 26 44
5 8 11 19 27 45
6 9 12 20 28 46
5 6 13 21 29 47
14 30
15 22 31 48
8 9 16 23 32 49
17 24 33 50
25 51
11 12 13 16 34 52
14 17 35 53
9 15 36 54
14 15 37 55
1 44
37 46
9 17 38 56
35 49
19 20 21 23 39 57
5 24 40 58
22 25 41 59
5 22 42 60
29 59
24 25 43 61
27 61
1 26
27 28 29 32 34 39
30 33 35 40
9 31 36 41
30 31 37 42
1 18
20 37
9 33 38 43
23 35
35 36 37 38
1 7
9 37
1 3
9 35
40 41 42 43
23 30
25 29
20 30
25 27
45 46 47 49 52 57
5 50 53 58
48 51 54 59
5 48 55 60
13 59
50 51 56 61
11 61
1 10
53 54 55 56
14 49
13 51
14 46
11 51
58 59 60 61
5 61
1 4
5 59
1 2
