2 3 4 7 10 19 28 47
5 8 11 20 29 48
6 9 12 21 30 49
5 6 13 22 31 50
14 23 32 51
15 24 33 52
8 9 16 25 34 53
17 26 35 54
18 27 36 55
11 12 13 16 37 56
14 17 38 57
15 18 39 58
14 15 40 59
1 47
40 49
17 18 41 60
38 53
37 55
20 21 22 25 42 61
23 26 43 62
24 27 44 63
23 24 45 64
32 61
31 63
26 27 46 65
29 65
1 28
29 30 31 34 37 42
32 35 38 43
33 36 39 44
32 33 40 45
1 19
21 40
35 36 41 46
25 38
27 37
38 39 40 41
1 7
9 40
1 3
9 38
43 44 45 46
25 32
27 31
21 32
27 29
48 49 50 53 56 61
51 54 57 62
52 55 58 63
51 52 59 64
14 61
13 63
54 55 60 65
11 65
1 10
57 58 59 60
14 53
13 55
14 49
11 55
62 63 64 65
5 65
1 4
5 63
1 2
